# pareto  cell=W30/T1.0  W0=30.0 Tg=1.0  TEND=2.5  DAMULT=3
# open-loop: clexc=0.5746  pitchpeak=0.00287

## MODEL points (sweep QAD x R)
   QAD         R  CLred%   pitch
     0   3.0e-04    -1.0   1.020
     0   1.0e-03    -0.4   1.020
     0   3.0e-03     1.3   1.019      0   1.0e-02     5.5     100      3   3.0e-04     300    -0.6      3      1000    -0.4   1.020
     3   3.0e-03     1.3   1.019
     3   1.0e-02     5.5   1.013
    10   3.0e-04    -1.0   1.020
    10   1.0e-03    -0.4   1.020
    10   3.0e-03     1.3   1.019
    10   1.0e-02     5.5   1.013
    30   3.0e-04    -1.0   1.020
    30   1.0e-03    -0.4   1.020
    30   3.0e-03     1.3   1.019
    30   1.0e-02     5.5   1.013
   100   3.0e-04    -1.0   1.020
   100   1.0e-03    -0.4   1.020
   100   3.0e-03     1.3   1.019
   100   1.0e-02     5.7   1.013
   300   3.0e-04    -1.0   1.020
   300   1.0e-03    -0.6   1.020
   300   3.0e-03     1.2   1.019
   300   1.0e-02     5.2   1.013
  1000   3.0e-04    -1.0   1.020
  1000   1.0e-03    -0.4   1.020
  1000   3.0e-03     1.4   1.019
  1000   1.0e-02     5.1   1.013

## PD2 frontier (Pareto over g1,g2 sweep)
  pitch  CLred%
  1.624   -17.1
  1.651   -16.5
  1.665   -16.2
  1.678   -15.9
  1.692   -15.6
  1.699   -15.5
  1.705   -15.3
  1.712   -15.2
  1.719   -15.1
  1.760   -14.5
  1.785   -14.0
  1.797   -13.7
  1.807   -13.5
  1.817   -13.4
  1.822   -13.3
  1.826   -13.2
  1.829   -13.2
  1.833   -13.1
  1.930   -12.7

## MODEL frontier (Pareto over QAD x R sweep)
  pitch  CLred%
  1.013     5.7

## VERDICT: max CLred achievable at pitch_ratio <= threshold
 pitch<=    model      PD2   winner
    1.00      nan      nan        -
    1.05      5.7      nan    model
    1.10      5.7      nan    model
    1.20      5.7      nan    model
    1.40      5.7      nan    model

# DONE
